8312
7080
8569
8405
8822
8419
7874
8493
8983
9222
8462
8017
7135
12765
7185
9031
8921
6718
7904
9815
7108
6558
9085
7413
7443
6995
7290
9010
6487
6958
6999
6812
9235
8249
7055
7992
7214
6106
7151
7478
8931
6864
7856
7777
7024
8064
6715
6653
6572
6008
5582
6937
7652
9039
7502
6195
6910
8209
7943
7594
8621
5857
6548
7218
6144
8622
6663
6389
5029
6107
6357
5478
6720
6362
6700
6749
5562
5627
7708
5694
6698
6399
9236
7131
7289
7343
6528
6489
6117
7483
6849
5923
6809
7181
6570
6955
7722
6108
6336
6180
6960
8325
4686
5428
6205
7314
5962
8517
6557
5555
5874
5147
5938
4979
5669
5260
5637
5347
6575
5929
5830
6432
6257
5319
4449
5841
6034
5264
5600
5130
5906
8118
5142
5713
5297
5941
4817
6200
5483
5208
5604
4428
5381
5015
5897
5523
4390
4847
5223
5447
6760
6375
5274
4727
6094
5511
5223
4863
5146
4933
5981
6279
5112
4718
5506
4505
5096
5260
4973
5355
5401
4987
4978
4691
4800
4167
4073
6017
5576
4892
4705
6598
5240
5725
4324
4386
4940
5014
5350
4081
5164
4688
4538
5158
3970
5020
5291
5607
5035
4319
4421
4712
4275
3974
5373
3974
4372
4817
4026
4307
4526
3706
3929
4192
4708
4618
3758
4128
4990
4675
3928
4253
3637
4293
4726
3755
4219
4132
3703
4510
4388
4454
3950
3781
4011
3896
3871
4046
3418
3826
3415
4472
3770
3463
3927
3339
3516
3893
3669
3199
3866
3660
3523
3036
3371
3402
3710
3607
3539
3735
3737
3311
3750
3697
3783
3605
3573
3700
3310
3296
3573
3391
2989
3457
2843
2831
3432
3174
2812
3185
3616
3542
2977
3959
3411
3085
2689
3067
3218
3092
3511
3045
3332
2905
3018
2580
2875
3345
3076
3152
