1.5392592592592593
1.3111111111111111
1.586851851851852
1.5564814814814816
1.6337037037037037
1.559074074074074
1.4581481481481482
1.5727777777777778
1.6635185185185186
1.7077777777777778
1.567037037037037
1.4846296296296295
1.3212962962962962
2.363888888888889
1.3305555555555555
1.6724074074074073
1.652037037037037
1.244074074074074
1.4637037037037037
1.8175925925925926
1.3162962962962963
1.2144444444444444
1.6824074074074074
1.3727777777777779
1.3783333333333334
1.2953703703703703
1.35
1.6685185185185185
1.2012962962962963
1.2885185185185186
1.2961111111111112
1.2614814814814814
1.7101851851851853
1.5275925925925926
1.3064814814814816
1.48
1.335925925925926
1.1307407407407408
1.3242592592592592
1.3848148148148147
1.653888888888889
1.271111111111111
1.4548148148148148
1.4401851851851852
1.3007407407407408
1.4933333333333334
1.2435185185185185
1.232037037037037
1.2170370370370371
1.1125925925925926
1.0337037037037038
1.2846296296296296
1.417037037037037
1.673888888888889
1.3892592592592592
1.1472222222222221
1.2796296296296297
1.520185185185185
1.470925925925926
1.4062962962962964
1.5964814814814814
1.0846296296296296
1.2125925925925927
1.3366666666666667
1.1377777777777778
1.5966666666666667
1.2338888888888888
1.183148148148148
0.9312962962962963
1.130925925925926
1.1772222222222222
1.0144444444444445
1.2444444444444445
1.1781481481481482
1.2407407407407407
1.2498148148148147
1.03
1.042037037037037
1.4274074074074075
1.0544444444444445
1.2403703703703703
1.185
1.7103703703703703
1.3205555555555555
1.3498148148148148
1.3598148148148148
1.208888888888889
1.2016666666666667
1.1327777777777779
1.3857407407407407
1.2683333333333333
1.0968518518518517
1.260925925925926
1.3298148148148148
1.2166666666666666
1.287962962962963
1.43
1.1311111111111112
1.1733333333333333
1.1444444444444444
1.288888888888889
1.5416666666666667
0.8677777777777778
1.0051851851851852
1.1490740740740741
1.3544444444444443
1.104074074074074
1.5772222222222223
1.2142592592592591
1.0287037037037037
1.0877777777777777
0.9531481481481482
1.0996296296296297
0.922037037037037
1.0498148148148148
0.9740740740740741
1.0438888888888889
0.9901851851851852
1.2175925925925926
1.097962962962963
1.0796296296296297
1.191111111111111
1.1587037037037038
0.985
0.8238888888888889
1.0816666666666668
1.1174074074074074
0.9748148148148148
1.037037037037037
0.95
1.0937037037037036
1.5033333333333334
0.9522222222222222
1.057962962962963
0.980925925925926
1.1001851851851852
0.8920370370370371
1.1481481481481481
1.0153703703703705
0.9644444444444444
1.0377777777777777
0.82
0.9964814814814815
0.9287037037037037
1.0920370370370371
1.0227777777777778
0.812962962962963
0.8975925925925926
0.9672222222222222
1.0087037037037037
1.2518518518518518
1.1805555555555556
0.9766666666666667
0.8753703703703704
1.1285185185185185
1.0205555555555557
0.9672222222222222
0.9005555555555556
0.952962962962963
0.9135185185185185
1.1075925925925927
1.1627777777777777
0.9466666666666667
0.8737037037037036
1.0196296296296297
0.8342592592592593
0.9437037037037037
0.9740740740740741
0.9209259259259259
0.9916666666666667
1.0001851851851853
0.9235185185185185
0.9218518518518518
0.8687037037037038
0.8888888888888888
0.7716666666666666
0.7542592592592593
1.1142592592592593
1.0325925925925925
0.9059259259259259
0.8712962962962963
1.2218518518518517
0.9703703703703703
1.0601851851851851
0.8007407407407408
0.8122222222222222
0.9148148148148149
0.9285185185185185
0.9907407407407407
0.7557407407407407
0.9562962962962963
0.8681481481481481
0.8403703703703703
0.9551851851851851
0.7351851851851852
0.9296296296296296
0.9798148148148148
1.0383333333333333
0.9324074074074075
0.7998148148148149
0.8187037037037037
0.8725925925925926
0.7916666666666666
0.7359259259259259
0.995
0.7359259259259259
0.8096296296296296
0.8920370370370371
0.7455555555555555
0.7975925925925926
0.8381481481481482
0.6862962962962963
0.7275925925925926
0.7762962962962963
0.8718518518518519
0.8551851851851852
0.695925925925926
0.7644444444444445
0.924074074074074
0.8657407407407407
0.7274074074074074
0.7875925925925926
0.6735185185185185
0.795
0.8751851851851852
0.6953703703703704
0.7812962962962963
0.7651851851851852
0.6857407407407408
0.8351851851851851
0.8125925925925926
0.8248148148148148
0.7314814814814815
0.7001851851851851
0.7427777777777778
0.7214814814814815
0.7168518518518519
0.7492592592592593
0.632962962962963
0.7085185185185185
0.6324074074074074
0.8281481481481482
0.6981481481481482
0.6412962962962963
0.7272222222222222
0.6183333333333333
0.6511111111111111
0.720925925925926
0.6794444444444444
0.5924074074074074
0.715925925925926
0.6777777777777778
0.6524074074074074
0.5622222222222222
0.6242592592592593
0.63
0.687037037037037
0.667962962962963
0.6553703703703704
0.6916666666666667
0.692037037037037
0.6131481481481481
0.6944444444444444
0.6846296296296296
0.7005555555555556
0.6675925925925926
0.6616666666666666
0.6851851851851852
0.6129629629629629
0.6103703703703703
0.6616666666666666
0.627962962962963
0.5535185185185185
0.6401851851851852
0.5264814814814814
0.5242592592592593
0.6355555555555555
0.5877777777777777
0.5207407407407407
0.5898148148148148
0.6696296296296296
0.6559259259259259
0.5512962962962963
0.7331481481481481
0.6316666666666667
0.5712962962962963
0.49796296296296294
0.567962962962963
0.595925925925926
0.5725925925925925
0.6501851851851852
0.5638888888888889
0.617037037037037
0.537962962962963
0.5588888888888889
0.4777777777777778
0.5324074074074074
0.6194444444444445
0.5696296296296296
0.5837037037037037
