-6330.0
-5210.0
-6253.0
-6315.0
-6612.0
-6340.0
-5801.0
-6524.0
-6840.0
-6993.0
-6481.0
-6156.0
-5220.0
-9829.0
-5228.0
-6827.0
-6859.0
-4657.0
-5777.0
-7587.0
-5344.0
-4602.0
-6654.0
-5409.0
-5576.0
-4833.0
-5378.0
-6905.0
-4637.0
-5150.0
-5108.0
-4968.0
-7027.0
-6219.0
-5211.0
-5441.0
-5191.0
-4190.0
-5265.0
-5233.0
-6833.0
-4907.0
-5809.0
-5788.0
-5027.0
-6032.0
-4748.0
-4505.0
-4437.0
-4126.0
-3675.0
-5005.0
-5666.0
-6777.0
-4960.0
-4188.0
-4532.0
-5909.0
-5756.0
-5661.0
-6077.0
-3903.0
-4640.0
-5282.0
-4276.0
-6470.0
-4681.0
-4415.0
-3221.0
-4228.0
-4369.0
-3752.0
-4576.0
-4479.0
-4618.0
-4642.0
-3702.0
-3640.0
-5580.0
-3870.0
-4285.0
-4192.0
-6682.0
-5189.0
-5311.0
-4662.0
-4252.0
-4318.0
-4201.0
-5269.0
-4834.0
-4100.0
-4964.0
-4844.0
-4632.0
-4918.0
-5666.0
-4118.0
-3820.0
-4184.0
-5027.0
-5822.0
-3150.0
-3523.0
-4392.0
-4925.0
-4021.0
-6203.0
-4500.0
-3259.0
-3918.0
-3147.0
-4031.0
-3129.0
-3298.0
-3533.0
-3819.0
-3520.0
-4479.0
-4080.0
-3884.0
-4222.0
-4068.0
-3456.0
-2649.0
-3755.0
-4245.0
-3337.0
-3500.0
-3274.0
-3829.0
-5464.0
-3243.0
-3866.0
-3377.0
-4070.0
-2998.0
-4015.0
-3496.0
-3203.0
-3483.0
-2523.0
-3357.0
-3156.0
-3992.0
-3526.0
-2572.0
-3098.0
-3357.0
-3527.0
-4688.0
-4323.0
-3256.0
-2829.0
-4003.0
-3635.0
-3296.0
-3147.0
-3178.0
-2891.0
-3765.0
-4319.0
-3189.0
-2785.0
-3598.0
-2752.0
-3300.0
-3380.0
-2980.0
-3354.0
-3624.0
-3013.0
-3089.0
-2659.0
-2960.0
-2379.0
-2379.0
-3634.0
-3273.0
-3123.0
-2488.0
-4234.0
-3204.0
-3299.0
-2668.0
-2549.0
-2998.0
-2996.0
-3148.0
-2262.0
-3196.0
-2774.0
-2653.0
-3366.0
-2175.0
-2984.0
-3314.0
-3315.0
-3073.0
-2470.0
-2502.0
-2699.0
-2481.0
-2121.0
-3153.0
-2074.0
-2447.0
-2895.0
-2131.0
-2379.0
-2618.0
-1995.0
-2126.0
-2158.0
-2702.0
-2614.0
-1900.0
-2234.0
-3050.0
-2655.0
-2172.0
-2224.0
-2025.0
-2267.0
-2709.0
-2015.0
-2073.0
-2274.0
-1956.0
-2729.0
-2503.0
-2311.0
-2233.0
-2193.0
-2228.0
-1984.0
-1997.0
-2081.0
-1720.0
-1776.0
-1660.0
-2625.0
-1891.0
-1701.0
-1870.0
-1531.0
-1785.0
-2096.0
-1799.0
-1571.0
-1951.0
-1840.0
-1799.0
-1360.0
-1686.0
-1541.0
-1539.0
-1660.0
-1591.0
-1795.0
-2022.0
-1562.0
-1958.0
-1957.0
-1788.0
-1701.0
-1591.0
-2009.0
-1580.0
-1397.0
-1846.0
-1531.0
-1335.0
-1618.0
-1260.0
-1337.0
-1502.0
-1324.0
-1168.0
-1492.0
-1686.0
-1609.0
-1173.0
-2018.0
-1534.0
-1182.0
-1044.0
-1359.0
-1423.0
-1265.0
-1602.0
-1339.0
-1522.0
-1425.0
-1279.0
-1085.0
-1259.0
-1442.0
-1277.0
-1405.0
